====OUTPUT=====
number of posts = 63
number of users = 83
5    124
0    15
3    66
0    32
3    71
0    28
15    139
2    84
5    201
0    25
8    225
0    31
0    34
4    161
2    78
0    92
0    45
2    62
2    79
11    603
7    2179
8    309
1    50
2    118
8    200
0    101
1    187
5    100
0    89
2    136
2    203
1    179
2    214
1    125
2    184
14    5959
13    520
9    312
1    190
4    251
9    290
1    133
4    200
0    136
3    148
3    309
5    168
10    320
3    146
3    265
1    107
4    196
6    162
3    90
0    69
19    10859
0    85
6    1115
1    40
2    80
7    181
0    77
0    71
