2
2
1
1
2
1
3
1
5
1
6
7
4
1
2
3
4
1
3
3
52
8
7
1
15
3
1
3
2
1
1
5
1
12
7
20
1
86
1
1
11
33
6
3
1
1
1
2
8
9
1
2
1
3
1
1
3
1
46
2
1
1
34
28
1
46
16
1
2
4
1
16
1
1
1
11
5
1
27
1
49
1
4
2
2
11
1
1
3
1
1
1
6
1
3
11
37
8
1
13
1
7
2
1
30
2
6
13
2
2
1
1
1
8
1
1
14
1
1
36
1
1
3
1
2
5
14
1
3
1
5
1
10
1
1
2
6
3
1
1
3
2
41
48
1
2
2
1
1
2
1
1
1
10
2
2
4
1
2
6
4
9
1
1
1
1
2
1
18
2
7
5
4
2
1
1
14
8
1
4
3
1
7
1
1
3
1
1
6
2
1
4
2
2
1
3
7
3
33
3
1
5
2
4
5
2
4
1
1
1
1
1
4
3
2
2
1
1
1
26
2
1
3
1
23
3
1
1
7
2
1
1
1
1
1
14
2
1
6
1
1
1
18
1
1
1
3
1
2
1
1
1
2
3
67
16
1
10
1
3
1
3
3
1
1
1
20
2
13
1
8
2
7
1
42
29
2
1
25
2
50
1
7
1
5
1
2
1
1
1
1
4
1
2
2
1
1
15
1
1
68
1
1
1
14
39
45
3
7
8
3
2
1
2
15
1
6
89
2
1
1
10
1
1
1
12
1
7
3
1
1
2
1
1
1
6
1
1
1
3
2
1
1
1
1
5
3
3
1
1
7
8
4
1
5
1
1
8
2
5
1
13
1
1
1
1
7
3
3
1
1
1
49
15
9
1
1
1
1
5
1
3
2
1
1
1
2
3
13
1
1
1
1
6
1
1
15
6
2
62
95
4
2
5
1
21
9
1
1
1
1
44
4
4
4
69
6
1
2
1
3
6
17
2
6
2
3
3
1
1
5
2
1
1
10
4
42
4
2
1
11
1
3
1
64
1
1
2
67
2
2
3
1
1
2
1
61
18
1
14
5
4
3
1
1
20
52
1
3
1
6
3
14
1
8
6
1
1
3
40
14
1
1
6
1
1
10
2
2
1
1
5
13
1
1
1
2
1
7
