2
49
2
2
1
1
1
28
1
18
33
55
1
2
3
4
1
2
2
1
6
8
2
1
9
1
7
1
12
28
1
4
3
3
53
4
2
1
6
11
1
1
1
2
1
1
26
2
5
1
27
7
1
3
34
1
1
1
1
1
36
2
1
5
1
2
25
3
29
2
5
2
1
22
1
1
4
1
2
6
3
3
1
2
1
1
1
3
14
1
9
4
1
1
1
1
2
1
9
2
1
1
19
1
1
1
1
13
1
2
1
2
5
1
6
4
1
1
5
69
47
13
2
8
2
6
11
13
1
1
3
1
6
12
9
1
3
1
2
9
2
7
7
1
4
4
5
1
1
5
2
1
12
6
1
1
1
1
13
5
1
10
1
20
18
3
5
14
3
14
1
1
1
1
1
1
12
1
36
4
11
4
4
1
1
3
2
1
1
3
2
9
5
1
1
1
1
5
1
3
15
2
11
49
1
1
1
6
3
3
72
1
14
5
1
10
2
1
2
1
1
22
1
1
1
14
11
1
1
2
1
7
2
1
1
2
1
15
14
28
7
4
5
55
32
1
3
8
1
3
12
7
1
5
2
1
1
5
1
1
1
4
1
1
1
2
19
22
15
1
1
23
1
1
6
7
1
4
1
1
3
1
1
30
1
3
1
2
1
1
1
15
1
2
19
5
1
1
1
5
2
1
1
10
6
39
1
14
1
1
3
1
1
18
10
9
1
1
1
96
1
6
17
1
3
2
1
4
1
1
5
1
1
5
9
1
4
7
4
1
1
72
1
1
2
3
8
6
2
32
3
1
10
1
4
1
3
10
2
1
3
1
1
10
4
8
7
2
1
1
1
8
2
20
1
73
1
10
21
1
1
1
1
4
1
37
13
20
1
1
1
1
25
1
2
1
2
3
2
66
2
1
8
2
2
45
4
1
9
1
2
8
1
2
1
1
7
77
2
1
1
10
1
1
3
1
1
3
1
4
1
6
1
1
4
1
1
3
16
7
1
5
4
1
1
1
1
2
2
1
6
1
2
13
6
1
1
12
1
3
1
21
3
1
1
2
2
1
2
5
7
7
1
10
7
48
9
1
1
2
36
1
48
1
42
14
2
1
2
1
1
4
30
1
1
1
5
1
10
3
