1
1
1
1
6
3
1
4
1
6
1
6
3
3
1
64
1
1
2
3
41
1
2
4
18
5
2
1
3
22
2
24
3
23
1
3
3
1
1
12
1
18
1
24
4
15
1
1
5
5
2
30
2
1
5
1
4
3
1
5
3
2
1
54
21
2
38
1
19
6
1
5
1
25
3
2
21
18
4
1
38
1
9
16
1
1
36
1
3
1
1
7
18
3
3
1
1
2
2
1
2
53
1
1
2
7
1
1
1
1
1
1
2
8
5
1
1
21
2
44
20
88
3
38
1
8
3
1
1
6
5
3
1
8
3
1
4
1
6
1
1
2
2
1
21
6
1
1
7
6
1
7
2
77
1
6
1
10
2
9
1
1
1
2
3
50
1
7
1
29
1
1
2
1
9
1
2
15
7
1
1
1
1
1
5
2
1
2
1
7
2
5
2
2
1
1
1
1
1
19
57
1
2
1
1
3
1
1
3
1
1
1
9
25
3
1
1
1
3
1
3
1
62
2
1
37
2
2
3
19
31
1
2
4
6
1
1
31
1
2
1
13
2
3
4
58
1
2
1
1
2
2
1
1
1
2
7
20
19
1
5
1
11
1
1
1
1
1
5
76
21
9
3
16
1
2
1
6
1
1
1
1
10
1
2
1
2
50
33
1
3
3
1
2
86
16
1
4
2
1
7
2
6
3
3
7
3
3
4
8
7
1
9
1
2
2
1
1
1
1
1
1
1
1
3
1
30
19
2
1
1
1
3
3
2
1
5
1
1
1
29
3
2
4
4
1
1
7
2
16
88
1
1
1
6
3
2
1
1
1
2
30
1
1
1
2
1
6
3
1
1
2
1
1
1
1
2
12
9
1
1
13
1
1
1
5
18
41
10
1
1
25
9
39
2
1
1
1
1
9
60
1
14
1
1
1
23
2
1
4
9
1
7
2
13
37
8
3
10
3
2
3
80
1
1
1
1
27
16
6
1
3
1
1
73
1
1
4
2
2
1
1
1
1
1
1
7
1
2
2
1
33
1
7
9
1
1
7
1
23
2
2
1
1
3
1
2
6
2
12
4
2
1
1
1
23
3
8
24
7
1
1
2
17
7
2
1
2
1
1
1
1
1
4
1
1
1
2
1
16
