2
2
19
3
1
4
1
4
91
1
1
1
46
4
2
19
11
11
1
4
1
9
2
1
15
4
1
6
95
1
2
1
2
10
1
2
10
1
3
3
6
1
5
1
25
10
3
6
2
1
31
1
5
1
13
14
1
87
2
9
35
8
6
1
2
13
3
9
2
12
1
6
1
1
5
2
2
1
2
12
42
2
1
2
2
1
26
9
2
1
1
1
7
1
10
2
1
1
1
20
1
1
3
5
1
1
5
8
1
1
1
2
2
1
1
1
1
1
12
1
2
1
14
3
1
1
1
3
1
1
6
1
3
1
3
1
19
1
2
8
1
1
69
1
5
2
4
28
1
68
1
9
3
28
7
1
1
1
1
10
13
1
9
9
1
10
3
18
1
1
1
1
2
3
5
1
57
29
55
3
1
3
19
1
1
1
1
1
6
1
4
3
1
1
88
2
3
1
14
53
3
2
1
1
1
3
13
1
1
3
77
10
1
6
4
1
2
7
1
2
33
52
2
1
2
1
1
1
1
4
2
1
3
1
14
2
1
5
1
1
50
4
1
1
8
5
1
1
42
2
28
1
2
3
1
6
1
6
7
1
2
2
1
2
31
9
1
22
1
6
1
1
64
2
31
1
3
1
63
59
3
1
2
1
2
1
3
1
2
2
1
2
3
1
1
1
9
1
2
2
1
32
2
8
1
1
1
1
31
4
13
17
9
1
16
27
1
10
32
8
2
2
9
2
5
1
10
58
1
1
1
1
1
2
7
1
8
6
9
2
23
4
53
1
1
2
6
1
3
4
1
1
2
10
4
8
74
1
19
1
24
2
2
1
32
1
11
16
1
29
5
1
1
17
1
4
1
7
1
1
1
2
1
11
1
1
1
1
4
1
1
1
1
2
1
3
41
13
1
1
4
1
1
4
4
2
1
5
2
1
3
23
1
4
81
13
4
1
1
3
1
4
1
46
6
1
4
1
3
3
1
1
1
2
7
5
9
1
3
6
4
1
2
3
1
1
1
1
1
1
6
1
71
2
2
3
5
1
1
7
4
1
10
12
4
1
2
1
1
42
4
2
1
1
17
21
1
1
6
3
66
3
4
1
1
2
7
26
1
2
4
3
3
1
4
1
3
26
2
1
