5
5
5
1
4
3
1
1
2
2
15
1
6
1
1
1
4
1
64
3
4
1
18
6
1
58
17
14
1
1
6
1
9
1
9
22
2
1
4
30
1
1
2
8
1
14
1
1
1
2
2
1
8
1
1
1
2
1
1
6
3
1
4
21
1
1
11
31
39
2
81
1
1
2
2
1
1
1
2
3
1
1
2
7
87
89
2
1
4
18
4
1
2
1
1
1
2
4
2
8
4
2
2
2
1
2
12
1
4
1
16
23
2
35
2
1
32
11
1
1
4
22
2
1
3
1
2
4
1
1
2
30
1
1
3
1
1
1
1
1
30
35
1
2
1
15
1
29
3
1
1
74
1
1
1
1
1
13
1
3
1
2
1
3
3
1
1
1
1
1
1
4
6
1
5
4
1
26
2
8
2
5
1
1
1
16
41
5
6
1
18
3
1
4
1
1
20
10
1
1
1
1
1
2
1
1
14
10
2
2
3
6
1
1
1
1
4
2
4
13
2
2
1
3
1
25
1
1
93
2
4
1
39
1
1
1
5
7
1
1
5
3
1
1
3
7
6
53
4
2
1
7
2
1
36
3
4
1
2
1
3
1
11
1
1
1
1
1
1
2
1
27
1
1
2
1
1
1
1
1
1
8
1
1
2
1
1
1
1
13
3
1
2
1
12
11
8
1
1
1
33
1
2
2
15
2
1
3
2
32
22
49
15
53
1
12
64
3
3
3
4
1
26
1
2
55
7
1
93
17
5
1
10
1
1
12
1
2
1
4
2
1
22
14
1
1
2
1
2
1
1
13
7
7
2
1
1
2
3
1
3
2
19
4
40
1
8
1
1
8
3
5
2
14
1
1
2
3
1
6
2
1
3
1
32
1
1
4
2
1
1
8
3
6
1
1
24
1
9
6
50
1
5
1
1
1
9
4
1
1
3
1
1
3
48
2
1
7
10
7
2
75
1
1
1
1
4
3
5
2
1
1
2
33
3
2
1
1
1
2
5
2
2
1
1
1
15
1
5
4
1
7
1
1
1
4
2
1
14
1
5
32
1
4
3
3
5
1
1
15
1
1
5
1
1
1
1
6
2
1
1
3
3
1
2
33
4
2
1
16
1
1
6
9
5
1
8
1
1
1
1
5
1
4
3
1
1
2
2
15
1
6
1
1
1
4
1
64
3
4
1
18
6
1
58
17
14
1
1
6
1
9
1
9
22
2
1
4
30
1
1
2
8
1
14
1
1
1
2
2
1
8
1
1
1
2
1
1
6
3
1
4
21
1
1
11
31
39
2
81
1
1
2
2
1
1
1
2
3
1
1
2
7
87
89
2
1
4
18
4
1
2
1
1
1
2
4
2
8
4
2
2
2
1
2
12
1
4
1
16
23
2
35
2
1
32
11
1
1
4
22
2
1
3
1
2
4
1
1
2
30
1
1
3
1
1
1
1
1
30
35
1
2
1
15
1
29
3
1
1
74
1
1
1
1
1
13
1
3
1
2
1
3
3
1
1
1
1
1
1
4
6
1
5
4
1
26
2
8
2
5
1
1
1
16
41
5
6
1
18
3
1
4
1
1
20
10
1
1
1
1
1
2
1
1
14
10
2
2
3
6
1
1
1
1
4
2
4
13
2
2
1
3
1
25
1
1
93
2
4
1
39
1
1
1
5
7
1
1
5
3
1
1
3
7
6
53
4
2
1
7
2
1
36
3
4
1
2
1
3
1
11
1
1
1
1
1
1
2
1
27
1
1
2
1
1
1
1
1
1
8
1
1
2
1
1
1
1
13
3
1
2
1
12
11
8
1
1
1
33
1
2
2
15
2
1
3
2
32
22
49
15
53
1
12
64
3
3
3
4
1
26
1
2
55
7
1
93
17
5
1
10
1
1
12
1
2
1
4
2
1
22
14
1
1
2
1
2
1
1
13
7
7
2
1
1
2
3
1
3
2
19
4
40
1
8
1
1
8
3
5
2
14
1
1
2
3
1
6
2
1
3
1
32
1
1
4
2
1
1
8
3
6
1
1
24
1
9
6
50
1
5
1
1
1
9
4
1
1
3
1
1
3
48
2
1
7
10
7
2
75
1
1
1
1
4
3
5
2
1
1
2
33
3
2
1
1
1
2
5
2
2
1
1
1
15
1
5
4
1
7
1
1
1
4
2
1
14
1
5
32
1
4
3
3
5
1
1
15
1
1
5
1
1
1
1
6
2
1
1
3
3
1
2
33
4
2
1
16
1
1
6
9
5
1
8
1
1
1
1
