1
1
11
1
21
1
3
25
1
5
2
7
2
6
3
1
1
3
1
6
1
3
7
1
1
22
2
62
4
25
2
50
1
3
20
1
1
1
2
1
26
18
6
17
4
1
1
3
5
1
13
22
4
1
2
7
1
2
9
6
13
7
5
2
2
5
1
2
8
40
1
1
10
6
48
45
15
2
3
3
2
1
1
2
1
15
2
2
6
1
1
7
5
6
1
1
4
1
4
1
1
6
1
1
1
1
1
3
1
1
2
2
1
1
1
1
1
1
4
2
16
30
1
1
7
11
6
29
1
3
1
1
2
12
6
2
17
2
1
1
2
1
1
8
1
1
2
1
8
2
4
13
30
1
1
15
33
23
3
2
1
2
2
1
3
46
2
6
41
56
1
2
1
24
9
1
3
2
1
3
11
2
4
43
11
1
2
1
1
1
3
1
33
3
1
1
1
4
77
1
1
1
3
2
1
17
4
2
1
24
1
1
11
4
1
70
13
4
1
17
11
1
3
13
1
1
5
2
95
2
84
11
1
1
4
2
2
2
54
3
1
1
19
1
1
1
1
1
56
9
4
3
1
3
3
33
4
2
2
3
4
4
3
9
3
6
64
2
4
3
4
1
30
98
52
2
2
1
1
1
1
8
1
2
2
1
1
4
5
1
7
17
2
2
9
1
12
1
2
5
2
5
1
2
3
20
2
2
1
1
1
13
1
36
6
1
5
1
16
2
2
54
1
1
3
3
1
8
3
1
1
2
34
2
1
1
15
1
2
1
1
1
2
2
3
1
3
2
1
53
11
14
1
1
1
1
1
1
1
1
1
1
12
4
1
1
7
1
3
12
1
1
1
1
2
1
1
6
1
1
2
1
2
1
20
1
1
1
1
1
2
2
18
2
1
1
1
13
1
34
5
1
20
1
2
2
1
2
1
39
5
90
2
31
1
1
1
2
2
9
90
1
1
1
1
3
1
7
1
3
1
1
1
1
1
72
22
1
1
17
1
1
1
1
5
7
1
1
3
4
1
2
2
3
2
9
1
5
3
2
1
1
6
1
11
1
1
36
1
11
96
1
9
1
1
2
6
32
6
4
1
20
1
1
27
1
16
1
1
2
19
1
6
5
1
2
2
5
28
3
23
11
1
21
1
3
25
1
5
2
7
2
6
3
1
1
3
1
6
1
3
7
1
1
22
2
62
4
25
2
50
1
3
20
1
1
1
2
1
26
18
6
17
4
1
1
3
5
1
13
22
4
1
2
7
1
2
9
6
13
7
5
2
2
5
1
2
8
40
1
1
10
6
48
45
15
2
3
3
2
1
1
2
1
15
2
2
6
1
1
7
5
6
1
1
4
1
4
1
1
6
1
1
1
1
1
3
1
1
2
2
1
1
1
1
1
1
4
2
16
30
1
1
7
11
6
29
1
3
1
1
2
12
6
2
17
2
1
1
2
1
1
8
1
1
2
1
8
2
4
13
30
1
1
15
33
23
3
2
1
2
2
1
3
46
2
6
41
56
1
2
1
24
9
1
3
2
1
3
11
2
4
43
11
1
2
1
1
1
3
1
33
3
1
1
1
4
77
1
1
1
3
2
1
17
4
2
1
24
1
1
11
4
1
70
13
4
1
17
11
1
3
13
1
1
5
2
95
2
84
11
1
1
4
2
2
2
54
3
1
1
19
1
1
1
1
1
56
9
4
3
1
3
3
33
4
2
2
3
4
4
3
9
3
6
64
2
4
3
4
1
30
98
52
2
2
1
1
1
1
8
1
2
2
1
1
4
5
1
7
17
2
2
9
1
12
1
2
5
2
5
1
2
3
20
2
2
1
1
1
13
1
36
6
1
5
1
16
2
2
54
1
1
3
3
1
8
3
1
1
2
34
2
1
1
15
1
2
1
1
1
2
2
3
1
3
2
1
53
11
14
1
1
1
1
1
1
1
1
1
1
12
4
1
1
7
1
3
12
1
1
1
1
2
1
1
6
1
1
2
1
2
1
20
1
1
1
1
1
2
2
18
2
1
1
1
13
1
34
5
1
20
1
2
2
1
2
1
39
5
90
2
31
1
1
1
2
2
9
90
1
1
1
1
3
1
7
1
3
1
1
1
1
1
72
22
1
1
17
1
1
1
1
5
7
1
1
3
4
1
2
2
3
2
9
1
5
3
2
1
1
6
1
11
1
1
36
1
11
96
1
9
1
1
2
6
32
6
4
1
20
1
1
27
1
16
1
1
2
19
1
6
5
1
2
2
5
28
3
23
