1
1
17
1
2
7
1
2
8
7
3
1
1
2
1
8
1
1
2
76
18
33
13
1
56
1
17
5
1
3
6
3
1
1
3
19
2
9
1
29
9
1
1
1
1
1
24
1
1
5
1
1
8
2
1
17
1
1
1
12
34
7
2
4
1
5
1
1
3
2
1
8
2
12
2
1
16
1
1
1
6
1
1
2
2
1
1
4
1
1
2
6
3
2
7
1
4
2
1
2
1
18
2
2
2
1
4
4
1
1
1
1
10
1
5
16
2
2
1
1
16
1
1
1
2
1
8
6
1
2
2
3
1
1
37
1
13
2
1
9
2
2
1
38
1
5
1
7
1
8
12
9
1
1
39
32
1
1
1
1
1
1
1
3
2
1
1
14
3
7
1
1
40
1
1
1
26
1
1
1
15
2
2
1
4
1
5
1
1
1
11
1
2
5
1
1
2
3
1
3
31
6
1
1
4
3
12
1
23
3
1
5
2
1
5
1
3
1
14
86
1
10
4
1
15
1
1
1
1
1
1
1
1
1
3
13
1
1
26
2
4
22
13
1
1
1
2
1
1
3
4
1
1
32
10
3
2
96
1
1
2
7
1
90
1
1
22
3
2
1
1
11
5
1
1
4
28
1
3
3
4
6
4
7
4
1
1
1
2
1
7
8
1
6
1
1
4
1
1
1
14
32
30
3
1
1
2
67
10
1
1
1
1
1
1
1
1
1
2
3
1
1
10
2
1
1
1
46
1
1
1
1
15
4
1
1
37
1
2
4
1
9
2
6
3
14
32
24
31
1
1
2
1
7
1
2
1
2
3
1
3
2
1
1
2
4
6
1
1
3
1
3
1
5
4
10
3
1
1
1
1
5
1
1
2
2
22
5
7
2
2
10
1
1
7
5
4
3
40
1
1
1
5
1
2
1
1
10
1
1
2
1
21
33
1
7
24
1
1
1
38
1
58
5
1
2
8
12
1
1
7
4
1
4
9
4
2
51
2
1
2
7
6
11
1
4
1
7
3
1
1
2
1
1
18
7
5
1
29
1
1
1
2
1
1
1
1
5
3
5
1
3
1
80
1
1
5
1
1
1
1
49
1
1
1
14
30
5
4
71
5
3
1
1
69
98
5
1
2
33
1
17
1
2
7
1
2
8
7
3
1
1
2
1
8
1
1
2
76
18
33
13
1
56
1
17
5
1
3
6
3
1
1
3
19
2
9
1
29
9
1
1
1
1
1
24
1
1
5
1
1
8
2
1
17
1
1
1
12
34
7
2
4
1
5
1
1
3
2
1
8
2
12
2
1
16
1
1
1
6
1
1
2
2
1
1
4
1
1
2
6
3
2
7
1
4
2
1
2
1
18
2
2
2
1
4
4
1
1
1
1
10
1
5
16
2
2
1
1
16
1
1
1
2
1
8
6
1
2
2
3
1
1
37
1
13
2
1
9
2
2
1
38
1
5
1
7
1
8
12
9
1
1
39
32
1
1
1
1
1
1
1
3
2
1
1
14
3
7
1
1
40
1
1
1
26
1
1
1
15
2
2
1
4
1
5
1
1
1
11
1
2
5
1
1
2
3
1
3
31
6
1
1
4
3
12
1
23
3
1
5
2
1
5
1
3
1
14
86
1
10
4
1
15
1
1
1
1
1
1
1
1
1
3
13
1
1
26
2
4
22
13
1
1
1
2
1
1
3
4
1
1
32
10
3
2
96
1
1
2
7
1
90
1
1
22
3
2
1
1
11
5
1
1
4
28
1
3
3
4
6
4
7
4
1
1
1
2
1
7
8
1
6
1
1
4
1
1
1
14
32
30
3
1
1
2
67
10
1
1
1
1
1
1
1
1
1
2
3
1
1
10
2
1
1
1
46
1
1
1
1
15
4
1
1
37
1
2
4
1
9
2
6
3
14
32
24
31
1
1
2
1
7
1
2
1
2
3
1
3
2
1
1
2
4
6
1
1
3
1
3
1
5
4
10
3
1
1
1
1
5
1
1
2
2
22
5
7
2
2
10
1
1
7
5
4
3
40
1
1
1
5
1
2
1
1
10
1
1
2
1
21
33
1
7
24
1
1
1
38
1
58
5
1
2
8
12
1
1
7
4
1
4
9
4
2
51
2
1
2
7
6
11
1
4
1
7
3
1
1
2
1
1
18
7
5
1
29
1
1
1
2
1
1
1
1
5
3
5
1
3
1
80
1
1
5
1
1
1
1
49
1
1
1
14
30
5
4
71
5
3
1
1
69
98
5
1
2
33
1
