11
11
2
1
2
11
12
6
9
1
3
2
3
1
1
63
2
1
1
30
1
26
5
2
3
1
2
1
12
1
1
6
9
21
3
1
13
9
5
1
1
3
1
5
44
3
1
3
1
88
1
1
96
1
47
6
1
13
7
24
1
1
16
86
1
5
12
1
3
1
1
33
1
3
1
1
1
1
1
4
2
1
46
3
3
16
2
6
1
1
1
1
2
2
1
4
1
3
1
3
3
2
11
3
6
3
1
12
1
2
41
2
7
3
1
1
1
12
4
1
2
3
7
8
3
11
1
5
1
1
1
4
2
3
5
3
7
1
3
1
1
1
7
3
5
4
1
3
14
2
2
1
2
93
46
2
1
5
1
5
5
1
2
1
1
15
1
1
1
2
1
4
5
7
35
2
12
1
5
5
1
4
10
1
3
1
2
1
10
15
10
1
2
5
1
4
7
2
3
1
18
19
1
1
2
11
1
1
1
4
4
24
3
3
9
1
1
80
1
1
3
2
9
2
35
8
1
4
33
1
2
1
1
1
1
1
8
8
1
1
1
45
1
6
1
1
19
9
3
2
4
1
3
13
1
1
4
2
3
49
1
1
3
4
1
25
4
1
1
2
29
3
4
1
5
2
82
2
1
1
1
14
5
4
2
7
19
8
4
6
1
1
1
2
2
65
2
17
1
3
4
1
1
10
1
1
2
1
1
1
7
5
1
7
1
1
1
6
1
1
2
1
1
1
20
1
1
4
13
1
1
3
1
4
5
91
4
2
19
3
72
8
8
1
1
2
1
4
22
1
1
1
1
1
2
4
1
3
9
63
1
1
1
6
9
7
1
2
1
3
2
1
1
16
1
1
1
1
1
2
2
4
1
11
1
1
1
1
10
3
30
1
13
1
1
4
34
1
1
1
1
2
1
1
2
2
2
14
1
4
2
2
1
2
1
12
1
54
27
2
1
6
10
1
95
3
1
1
1
8
1
1
1
1
1
1
6
3
2
8
1
1
1
3
4
3
1
10
3
1
11
1
93
5
6
1
23
1
13
1
2
1
1
2
4
7
3
34
2
1
75
2
2
1
9
7
1
1
1
4
1
4
24
4
4
1
4
1
1
1
10
11
1
2
1
1
1
2
2
1
1
2
1
2
11
12
6
9
1
3
2
3
1
1
63
2
1
1
30
1
26
5
2
3
1
2
1
12
1
1
6
9
21
3
1
13
9
5
1
1
3
1
5
44
3
1
3
1
88
1
1
96
1
47
6
1
13
7
24
1
1
16
86
1
5
12
1
3
1
1
33
1
3
1
1
1
1
1
4
2
1
46
3
3
16
2
6
1
1
1
1
2
2
1
4
1
3
1
3
3
2
11
3
6
3
1
12
1
2
41
2
7
3
1
1
1
12
4
1
2
3
7
8
3
11
1
5
1
1
1
4
2
3
5
3
7
1
3
1
1
1
7
3
5
4
1
3
14
2
2
1
2
93
46
2
1
5
1
5
5
1
2
1
1
15
1
1
1
2
1
4
5
7
35
2
12
1
5
5
1
4
10
1
3
1
2
1
10
15
10
1
2
5
1
4
7
2
3
1
18
19
1
1
2
11
1
1
1
4
4
24
3
3
9
1
1
80
1
1
3
2
9
2
35
8
1
4
33
1
2
1
1
1
1
1
8
8
1
1
1
45
1
6
1
1
19
9
3
2
4
1
3
13
1
1
4
2
3
49
1
1
3
4
1
25
4
1
1
2
29
3
4
1
5
2
82
2
1
1
1
14
5
4
2
7
19
8
4
6
1
1
1
2
2
65
2
17
1
3
4
1
1
10
1
1
2
1
1
1
7
5
1
7
1
1
1
6
1
1
2
1
1
1
20
1
1
4
13
1
1
3
1
4
5
91
4
2
19
3
72
8
8
1
1
2
1
4
22
1
1
1
1
1
2
4
1
3
9
63
1
1
1
6
9
7
1
2
1
3
2
1
1
16
1
1
1
1
1
2
2
4
1
11
1
1
1
1
10
3
30
1
13
1
1
4
34
1
1
1
1
2
1
1
2
2
2
14
1
4
2
2
1
2
1
12
1
54
27
2
1
6
10
1
95
3
1
1
1
8
1
1
1
1
1
1
6
3
2
8
1
1
1
3
4
3
1
10
3
1
11
1
93
5
6
1
23
1
13
1
2
1
1
2
4
7
3
34
2
1
75
2
2
1
9
7
1
1
1
4
1
4
24
4
4
1
4
1
1
1
10
11
1
2
1
1
1
2
2
1
1
