1
1
19
4
9
3
1
11
1
1
1
1
3
5
3
1
2
1
6
2
3
5
6
11
1
1
1
1
1
1
1
1
20
2
11
6
2
1
53
1
4
2
3
1
3
3
1
3
1
21
2
3
2
2
1
39
1
2
1
4
1
1
52
1
1
2
2
2
2
4
1
1
1
15
3
1
9
39
3
72
1
36
1
2
6
2
2
1
1
1
1
5
1
7
2
1
4
1
51
1
1
44
3
1
1
2
1
3
1
4
2
3
8
1
3
23
1
1
1
3
1
1
1
6
47
2
2
1
4
1
1
64
1
1
3
3
1
1
1
1
1
1
2
1
3
1
4
7
33
18
2
19
1
2
10
3
1
1
1
1
1
5
22
6
3
46
2
1
3
2
1
17
13
2
3
3
15
1
21
1
19
4
2
1
3
1
13
4
1
1
8
1
4
3
1
1
3
1
65
1
5
1
17
58
3
4
1
4
2
59
3
9
1
1
1
1
3
1
2
1
1
2
4
10
1
7
6
3
18
6
68
1
1
4
1
12
1
91
5
1
5
2
14
33
2
6
11
5
2
2
9
1
1
1
3
22
1
1
1
56
6
2
2
6
1
2
1
2
2
2
1
1
4
8
2
2
3
1
1
2
1
1
10
4
1
3
1
2
1
92
2
3
1
4
1
27
2
15
5
1
64
3
1
28
1
1
9
26
1
1
13
1
1
15
8
2
27
1
9
1
1
3
46
6
6
4
6
1
20
3
37
1
7
14
1
1
18
1
1
2
7
1
2
7
2
1
1
1
31
2
1
20
1
1
7
12
1
1
2
3
2
1
6
1
1
15
12
1
17
1
5
1
4
2
2
6
3
1
2
5
1
1
1
6
1
1
1
1
2
17
1
1
3
1
1
1
1
2
4
7
18
2
1
2
2
12
1
5
1
1
2
5
1
1
2
5
1
1
2
7
1
1
1
8
29
4
4
58
84
2
1
1
2
47
1
3
10
3
2
1
1
2
1
51
5
2
1
14
36
7
2
2
3
1
1
1
1
2
4
1
2
1
1
1
2
1
9
31
2
21
2
8
10
6
2
13
2
3
1
2
1
1
18
5
6
4
2
27
3
25
2
12
1
1
1
5
2
2
39
3
