16
2
1
6
2
2
4
2
1
4
3
3
41
5
4
2
20
1
1
3
8
2
3
1
1
1
2
2
1
2
1
2
1
78
2
4
11
2
28
2
5
7
21
1
1
5
6
1
11
1
1
1
1
1
1
1
3
60
1
1
1
2
2
1
41
35
1
2
1
5
47
1
1
7
1
59
4
11
12
2
2
2
39
1
43
11
28
2
2
4
1
2
2
1
88
1
6
1
2
1
18
1
1
1
1
7
81
2
2
4
10
2
1
1
1
11
2
1
1
2
6
5
1
1
1
1
1
3
1
1
18
1
76
3
1
1
1
1
41
1
1
2
23
2
2
1
33
9
2
1
2
3
1
4
15
1
4
5
41
2
17
9
6
18
2
1
6
21
5
1
1
11
1
1
2
1
1
4
30
6
3
1
1
73
1
1
1
11
1
1
3
18
1
1
1
4
1
1
26
1
1
1
2
33
2
13
4
1
1
1
1
5
5
3
1
2
13
1
47
2
1
20
2
2
2
38
1
2
1
3
9
2
1
1
1
3
1
1
35
1
1
1
7
2
1
31
1
76
5
3
34
1
1
2
5
16
11
10
1
1
1
10
2
1
22
1
5
16
14
3
1
1
17
33
62
5
2
1
1
5
5
4
6
1
1
1
2
1
3
39
3
3
8
1
10
1
1
2
5
1
2
19
2
7
5
1
3
13
22
5
1
1
2
1
1
1
15
1
1
6
1
36
3
1
1
24
2
8
32
5
1
2
1
1
14
2
4
1
3
2
14
1
1
2
1
1
3
17
1
21
1
1
4
1
6
1
1
4
1
1
1
2
33
6
6
1
1
1
2
52
23
5
3
12
7
15
1
2
1
2
2
5
35
42
1
2
1
2
19
1
12
1
9
2
1
1
1
4
1
1
1
1
1
1
1
1
1
1
2
1
1
9
7
1
1
1
7
1
2
1
2
1
1
2
2
1
25
18
1
1
9
2
42
1
2
1
2
14
1
11
1
2
9
3
2
1
1
1
1
1
13
6
1
38
1
1
1
2
15
5
1
1
1
3
7
1
1
19
9
1
3
1
6
2
1
3
81
1
1
3
1
3
2
1
1
5
2
4
7
2
2
12
2
1
1
5
1
21
1
1
