39
1
3
1
1
7
4
1
1
1
2
1
1
25
1
3
2
1
3
9
2
1
1
3
1
5
6
10
1
7
2
8
15
8
8
1
2
1
1
6
2
73
6
5
2
1
1
1
1
3
2
2
1
4
4
2
2
1
2
2
1
3
48
1
2
1
3
1
2
1
1
4
1
4
1
42
1
1
6
1
1
1
42
1
17
6
2
2
4
5
1
12
2
1
2
5
1
2
1
3
2
17
1
11
2
3
7
1
2
4
3
1
7
1
29
1
2
59
6
5
3
3
1
91
1
10
1
1
12
1
5
21
13
8
1
32
3
1
1
34
1
12
1
1
1
1
13
1
8
7
2
4
3
2
47
1
10
1
41
2
2
3
1
2
7
1
2
1
2
2
73
3
4
2
16
3
1
2
3
7
3
1
1
1
3
2
5
1
8
2
1
2
2
6
1
48
1
1
1
1
1
1
1
3
1
2
3
6
2
2
2
1
1
1
12
2
17
10
1
1
2
1
1
1
1
1
1
2
1
1
1
1
8
30
39
7
44
1
5
4
18
1
10
1
1
5
8
3
1
27
3
2
2
1
1
45
5
3
1
4
1
1
2
1
2
11
2
2
2
1
3
1
1
1
1
6
2
2
3
1
3
1
1
1
1
1
27
1
4
2
2
16
4
8
1
2
1
3
1
1
1
1
1
1
1
4
2
1
1
22
2
6
2
2
1
15
1
15
4
2
3
2
2
92
9
1
7
4
3
1
1
40
1
1
5
4
3
2
1
1
1
6
5
2
6
32
7
1
1
1
1
24
3
1
5
1
7
3
4
2
1
1
3
1
2
1
1
1
2
1
1
1
4
1
1
7
1
1
2
1
1
19
3
1
2
1
1
1
1
3
1
1
18
1
1
24
12
3
7
9
15
1
1
1
2
1
7
1
1
3
4
1
20
2
28
11
1
1
9
1
6
1
1
3
1
6
2
1
1
12
1
5
5
1
46
1
2
3
8
1
16
2
1
5
7
4
1
2
1
3
3
1
1
3
1
2
1
2
1
1
2
1
46
3
1
2
4
1
1
1
1
1
2
4
1
3
1
4
4
2
1
1
63
1
1
2
23
12
10
3
1
1
28
1
2
1
1
13
5
3
