1
31
10
1
4
31
1
1
1
2
1
2
1
1
9
8
1
2
26
1
1
1
2
2
77
2
27
1
10
1
1
1
2
2
3
1
1
4
1
5
1
9
1
1
1
1
3
1
1
7
2
81
1
1
1
1
1
1
1
1
2
1
15
1
2
2
3
1
2
10
3
1
1
1
12
1
59
1
3
4
2
1
2
92
4
2
8
1
1
4
37
4
15
10
1
11
15
2
1
4
1
1
2
1
1
2
31
6
1
2
28
88
3
1
49
1
3
1
4
1
1
1
1
2
4
1
12
1
2
1
2
10
2
8
6
1
21
3
28
1
1
1
4
1
2
1
3
2
1
1
1
3
1
5
1
1
15
5
3
2
1
3
1
3
1
2
14
1
1
1
1
1
86
2
1
4
50
1
1
1
6
24
4
1
9
1
19
1
4
1
34
51
1
24
1
4
1
1
2
63
5
8
17
2
7
1
1
6
1
2
2
1
23
1
3
1
8
1
6
27
1
2
14
1
1
12
4
21
5
1
7
11
11
1
1
17
5
1
1
4
1
1
1
8
1
1
2
1
3
2
1
3
15
1
1
6
2
3
1
1
3
2
1
1
3
2
5
1
2
5
3
8
4
3
1
1
5
3
60
1
12
20
1
1
1
1
1
1
1
1
35
1
18
3
3
1
1
2
1
1
5
2
1
28
1
6
1
6
29
1
1
18
10
9
3
92
2
11
1
7
23
4
34
1
1
1
1
1
2
2
2
1
32
1
2
4
2
1
1
1
1
42
2
20
2
1
2
8
1
1
3
1
1
31
1
1
14
1
1
1
10
1
1
1
3
1
4
3
2
1
75
1
66
3
2
34
8
1
3
21
1
2
1
4
80
4
8
3
1
1
3
3
10
1
2
5
86
1
2
14
1
42
3
2
1
5
3
1
2
50
1
4
9
1
1
1
1
3
1
1
1
4
7
1
93
1
96
4
1
2
90
1
3
1
1
32
2
2
5
1
6
3
26
1
3
1
1
5
1
29
5
6
1
2
1
2
1
5
8
1
1
3
17
1
1
2
1
1
1
28
1
1
3
3
1
1
1
2
2
2
3
5
1
2
1
1
1
56
11
37
4
2
3
3
21
1
9
4
1
1
